S,1,2,0,1,1,1,1,1,2,1,3,0,1,-1,-1,1,-23,0,200,400,500,1000,0,0,1,3,4,5,0,200,400,500,1000,0,0,0,1,3,5,0,200,400,500,1000,0,0,1,3,4,5,0,200,400,500,1000,0,0,1,3,4,5,0,200,400,500,1000,3,3,4,4,4,5,0,200,400,500,1000,1,2,2,3,3,5,-1,0,5000,0,-1,5000,5000,0,-1
AF,1,13,7,1,3,4,4,12,11,-16,-15,-13,-18,-10,-18,-15,-18,20,20,20,20,20,20,20,20,120,120,120,120,120,120,120,120,0,0,0,1,4,-2,10,150,0
AFH,1,140,0
AFA,1,1,220,250,6,1,704,200,-7,1,3700,500,-12,1,6000,3000,5,1,1600,400,5,1,10200,2000,-5,1,3100,400,-3,1,1100,600,-3,1,11000,2000,-8,1,4400,1400,-2
AL,1,5,6,6,1,1,2,3,2,3,4,3,3,-10,-10,-12,-17,-16,-10,-9,-9,-8,-7,-11,-15,10,10,10,10,10,25,25,25,25,25,25,25,150,150,150,150,150,150,150,150,150,150,150,150,8,0,1,2,-2,10,150,0,0,230,230,120,120,2,0,4,0,2,0,4,0,-10,-20,25,150,-1,300
ALH,1,130,0
ALA,1,1,220,250,4,1,704,200,-7,1,3700,500,-13,1,6000,3000,2,1,1600,400,2,1,10200,2000,-5,1,3100,400,-6,1,1100,600,-3,1,11000,2000,-6,1,4400,1400,-4
AHA,1,100,0
AHB,1,100,0
AHC,1,110,0
AHD,1,120,0
AHE,1,130,0

AMA,0,1,6,6,4,0,0,1,3,1,5,7,5,5,-10,-10,-12,-17,-16,-10,-9,-9,-8,-7,-11,-15,10,10,10,10,10,25,25,25,25,25,25,25,150,150,150,150,150,150,150,150,150,150,150,150,8,0,1,2,-2,10,150,0,230,230,120,120,2,0,4,0,2,0,4,0,-10,-20,25,150,-1,300
AMB,1,1,6,6,4,0,0,1,3,1,5,7,5,5,-10,-10,-12,-17,-16,-10,-9,-9,-8,-7,-11,-15,10,10,10,10,10,25,25,25,25,25,25,25,150,150,150,150,150,150,150,150,150,150,150,150,8,0,1,2,-2,10,150,0,230,230,120,120,2,0,4,0,2,0,4,0,-10,-20,25,150,-1,300
AMC,2,1,6,6,5,0,0,1,3,1,4,6,4,4,-10,-10,-12,-17,-16,-10,-9,-9,-8,-7,-11,-15,10,10,10,10,10,25,25,25,25,25,25,25,150,150,150,150,150,150,150,150,150,150,150,150,8,0,1,2,-2,10,150,0,230,230,120,120,2,0,4,0,2,0,4,0,-10,-20,25,150,-1,300
AMD,3,1,5,6,5,1,1,2,3,2,4,5,4,4,-10,-10,-12,-17,-16,-10,-9,-9,-8,-7,-11,-15,10,10,10,10,10,25,25,25,25,25,25,25,150,150,150,150,150,150,150,150,150,150,150,150,8,0,1,2,-2,10,150,0,230,230,120,120,2,0,4,0,2,0,4,0,-10,-20,25,150,-1,300
AME,4,1,5,6,6,1,1,2,3,2,3,4,3,3,-10,-10,-12,-17,-16,-10,-9,-9,-8,-7,-11,-15,10,10,10,10,10,25,25,25,25,25,25,25,150,150,150,150,150,150,150,150,150,150,150,150,8,0,1,2,-2,10,150,0,230,230,120,120,2,0,4,0,2,0,4,0,-10,-20,25,150,-1,300

APA,0,1,6,6,4,0,0,1,3,1,5,7,5,5,-10,-10,-12,-17,-16,-10,-9,-9,-8,-7,-11,-15,10,10,10,10,10,25,25,25,25,25,25,25,150,150,150,150,150,150,150,150,150,150,150,150,8,0,1,2,-2,10,150,0,230,230,120,120,2,0,4,0,2,0,4,0,-10,-20,25,150,-1,300
APB,1,1,6,6,4,0,0,1,3,1,5,7,5,5,-10,-10,-12,-17,-16,-10,-9,-9,-8,-7,-11,-15,10,10,10,10,10,25,25,25,25,25,25,25,150,150,150,150,150,150,150,150,150,150,150,150,8,0,1,2,-2,10,150,0,230,230,120,120,2,0,4,0,2,0,4,0,-10,-20,25,150,-1,300
APC,2,1,6,6,5,0,0,1,3,1,4,6,4,4,-10,-10,-12,-17,-16,-10,-9,-9,-8,-7,-11,-15,10,10,10,10,10,25,25,25,25,25,25,25,150,150,150,150,150,150,150,150,150,150,150,150,8,0,1,2,-2,10,150,0,230,230,120,120,2,0,4,0,2,0,4,0,-10,-20,25,150,-1,300
APD,3,1,5,6,5,1,1,2,3,2,4,5,4,4,-10,-10,-12,-17,-16,-10,-9,-9,-8,-7,-11,-15,10,10,10,10,10,25,25,25,25,25,25,25,150,150,150,150,150,150,150,150,150,150,150,150,8,0,1,2,-2,10,150,0,230,230,120,120,2,0,4,0,2,0,4,0,-10,-20,25,150,-1,300
APE,4,1,5,6,6,1,1,2,3,2,3,4,3,3,-10,-12,-15,-22,-21,-12,-9,-9,-8,-7,-11,-15,10,10,10,10,10,25,25,25,25,25,25,25,150,150,150,150,150,150,150,150,150,150,150,150,8,0,1,2,-3,10,150,0,230,230,120,120,2,0,4,0,2,0,4,0,-10,-20,25,150,-1,300

AVA,0,1,3,4,4,2,4,5,7,1,4,5,3,2,-10,-10,-12,-17,-16,-10,-9,-9,-8,-7,-11,-15,10,10,10,10,10,25,25,25,25,25,25,25,150,150,150,150,150,150,150,150,150,150,150,150,9,0,1,3,-2,10,150,0,230,230,120,120,2,0,4,0,2,0,4,0,-10,-20,25,150,-1,300
AVB,1,1,3,4,4,2,4,5,7,1,4,5,3,2,-10,-10,-12,-17,-16,-10,-9,-9,-8,-7,-11,-15,10,10,10,10,10,25,25,25,25,25,25,25,150,150,150,150,150,150,150,150,150,150,150,150,9,0,1,3,-2,10,150,0,230,230,120,120,2,0,4,0,2,0,4,0,-10,-20,25,150,-1,300
AVC,2,1,3,4,5,2,4,5,7,1,3,4,2,1,-10,-10,-12,-17,-16,-10,-9,-9,-8,-7,-11,-15,10,10,10,10,10,25,25,25,25,25,25,25,150,150,150,150,150,150,150,150,150,150,150,150,9,0,1,3,-2,10,150,0,230,230,120,120,2,0,4,0,2,0,4,0,-10,-20,25,150,-1,300
AVD,3,1,2,4,5,3,5,6,7,2,3,3,2,1,-10,-10,-12,-17,-16,-10,-9,-9,-8,-7,-11,-15,10,10,10,10,10,25,25,25,25,25,25,25,150,150,150,150,150,150,150,150,150,150,150,150,9,0,1,3,-2,10,150,0,230,230,120,120,2,0,4,0,2,0,4,0,-10,-20,25,150,-1,300
AVE,4,1,2,4,6,3,5,6,7,2,2,2,1,0,-10,-10,-12,-17,-16,-10,-9,-9,-8,-7,-11,-15,10,10,10,10,10,25,25,25,25,25,25,25,150,150,150,150,150,150,150,150,150,150,150,150,9,0,1,3,-2,10,150,0,230,230,120,120,2,0,4,0,2,0,4,0,-10,-20,25,150,-1,300

AAA,1,1,220,250,6,1,704,200,-7,1,3700,500,-12,1,6000,3000,5,1,1600,400,2,1,10200,2000,-5,1,3100,400,-3,1,1100,600,-3,1,11000,2000,-5,1,4400,1400,0
AAB,1,1,220,250,6,1,704,200,-7,1,3700,500,-12,1,6000,3000,5,1,1600,400,2,1,10200,2000,-5,1,3100,400,-3,1,1100,600,-3,1,11000,2000,-5,1,4400,1400,0
AAC,1,1,220,250,5,1,704,200,-7,1,3700,500,-12,1,6000,3000,4,1,1600,400,2,1,10200,2000,-5,1,3100,400,-4,1,1100,600,-3,1,11000,2000,-5,1,4400,1400,-1
AAD,1,1,220,250,5,1,704,200,-7,1,3700,500,-13,1,6000,3000,3,1,1600,400,2,1,10200,2000,-5,1,3100,400,-5,1,1100,600,-3,1,11000,2000,-6,1,4400,1400,-2
AAE,1,1,220,250,4,1,704,200,-7,1,3700,500,-13,1,6000,3000,2,1,1600,400,2,1,10200,2000,-5,1,3100,400,-6,1,1100,600,-3,1,11000,2000,-6,1,4400,1400,-4

ABA,1,1,220,250,6,1,704,200,-7,1,3700,500,-12,1,6000,3000,5,1,1600,400,2,1,10200,2000,-5,1,3100,400,-3,1,1100,600,-3,1,11000,2000,-5,1,4400,1400,0
ABB,1,1,220,250,6,1,704,200,-7,1,3700,500,-12,1,6000,3000,5,1,1600,400,2,1,10200,2000,-5,1,3100,400,-3,1,1100,600,-3,1,11000,2000,-5,1,4400,1400,0
ABC,1,1,220,250,5,1,704,200,-7,1,3700,500,-12,1,6000,3000,4,1,1600,400,2,1,10200,2000,-5,1,3100,400,-4,1,1100,600,-3,1,11000,2000,-5,1,4400,1400,-1
ABD,1,1,220,250,5,1,704,200,-7,1,3700,500,-13,1,6000,3000,3,1,1600,400,2,1,10200,2000,-5,1,3100,400,-5,1,1100,600,-3,1,11000,2000,-6,1,4400,1400,-2
ABE,1,1,220,250,4,1,704,200,-7,1,3700,500,-13,1,6000,3000,2,1,1600,400,2,1,10200,2000,-5,1,3100,400,-6,1,1100,600,-3,1,11000,2000,-6,1,4400,1400,-4

ACA,1,1,220,250,6,1,704,200,-7,1,3700,500,-12,1,6000,3000,5,1,1600,400,2,1,10200,2000,-5,1,3100,400,-3,1,1100,600,-3,1,11000,2000,-5,1,4400,1400,0
ACB,1,1,220,250,6,1,704,200,-7,1,3700,500,-12,1,6000,3000,5,1,1600,400,2,1,10200,2000,-5,1,3100,400,-3,1,1100,600,-3,1,11000,2000,-5,1,4400,1400,0
ACC,1,1,220,250,5,1,704,200,-7,1,3700,500,-12,1,6000,3000,4,1,1600,400,2,1,10200,2000,-5,1,3100,400,-4,1,1100,600,-3,1,11000,2000,-5,1,4400,1400,-1
ACD,1,1,220,250,5,1,704,200,-7,1,3700,500,-13,1,6000,3000,3,1,1600,400,2,1,10200,2000,-5,1,3100,400,-5,1,1100,600,-3,1,11000,2000,-6,1,4400,1400,-2
ACE,1,1,220,250,4,1,704,200,-7,1,3700,500,-13,1,6000,3000,2,1,1600,400,2,1,10200,2000,-5,1,3100,400,-6,1,1100,600,-3,1,11000,2000,-6,1,4400,1400,-4

BF,1,13,7,1,3,4,4,12,11,-16,-15,-13,-18,-10,-18,-15,-18,20,20,20,20,20,20,20,20,120,120,120,120,120,120,120,120,0,0,0,1,4,-2,10,150,0
BFH,1,140,0
BFA,1,1,220,250,6,1,704,200,-7,1,3700,500,-12,1,6000,3000,5,1,1600,400,5,1,10200,2000,-5,1,3100,400,-3,1,1100,600,-3,1,11000,2000,-8,1,4400,1400,-2
BL,1,5,6,6,1,1,2,3,2,3,4,3,3,-10,-10,-12,-17,-16,-10,-9,-9,-8,-7,-11,-15,10,10,10,10,10,25,25,25,25,25,25,25,150,150,150,150,150,150,150,150,150,150,150,150,8,0,1,2,-2,10,150,0,0,230,230,120,120,2,0,4,0,2,0,4,0,-10,-20,25,150,-1,300
BLH,1,130,0
BLA,1,1,220,250,4,1,704,200,-7,1,3700,500,-13,1,6000,3000,2,1,1600,400,2,1,10200,2000,-5,1,3100,400,-6,1,1100,600,-3,1,11000,2000,-6,1,4400,1400,-4
BHA,1,100,0
BHB,1,100,0
BHC,1,110,0
BHD,1,120,0
BHE,1,130,0

BMA,0,1,6,6,4,0,0,1,3,1,5,7,5,5,-10,-10,-12,-17,-16,-10,-9,-9,-8,-7,-11,-15,10,10,10,10,10,25,25,25,25,25,25,25,150,150,150,150,150,150,150,150,150,150,150,150,8,0,1,2,-2,10,150,0,230,230,120,120,2,0,4,0,2,0,4,0,-10,-20,25,150,-1,300
BMB,1,1,6,6,4,0,0,1,3,1,5,7,5,5,-10,-10,-12,-17,-16,-10,-9,-9,-8,-7,-11,-15,10,10,10,10,10,25,25,25,25,25,25,25,150,150,150,150,150,150,150,150,150,150,150,150,8,0,1,2,-2,10,150,0,230,230,120,120,2,0,4,0,2,0,4,0,-10,-20,25,150,-1,300
BMC,2,1,6,6,5,0,0,1,3,1,4,6,4,4,-10,-10,-12,-17,-16,-10,-9,-9,-8,-7,-11,-15,10,10,10,10,10,25,25,25,25,25,25,25,150,150,150,150,150,150,150,150,150,150,150,150,8,0,1,2,-2,10,150,0,230,230,120,120,2,0,4,0,2,0,4,0,-10,-20,25,150,-1,300
BMD,3,1,5,6,5,1,1,2,3,2,4,5,4,4,-10,-10,-12,-17,-16,-10,-9,-9,-8,-7,-11,-15,10,10,10,10,10,25,25,25,25,25,25,25,150,150,150,150,150,150,150,150,150,150,150,150,8,0,1,2,-2,10,150,0,230,230,120,120,2,0,4,0,2,0,4,0,-10,-20,25,150,-1,300
BME,4,1,5,6,6,1,1,2,3,2,3,4,3,3,-10,-10,-12,-17,-16,-10,-9,-9,-8,-7,-11,-15,10,10,10,10,10,25,25,25,25,25,25,25,150,150,150,150,150,150,150,150,150,150,150,150,8,0,1,2,-2,10,150,0,230,230,120,120,2,0,4,0,2,0,4,0,-10,-20,25,150,-1,300

BPA,0,1,6,6,4,0,0,1,3,1,5,7,5,5,-10,-10,-12,-17,-16,-10,-9,-9,-8,-7,-11,-15,10,10,10,10,10,25,25,25,25,25,25,25,150,150,150,150,150,150,150,150,150,150,150,150,8,0,1,2,-2,10,150,0,230,230,120,120,2,0,4,0,2,0,4,0,-10,-20,25,150,-1,300
BPB,1,1,6,6,4,0,0,1,3,1,5,7,5,5,-10,-10,-12,-17,-16,-10,-9,-9,-8,-7,-11,-15,10,10,10,10,10,25,25,25,25,25,25,25,150,150,150,150,150,150,150,150,150,150,150,150,8,0,1,2,-2,10,150,0,230,230,120,120,2,0,4,0,2,0,4,0,-10,-20,25,150,-1,300
BPC,2,1,6,6,5,0,0,1,3,1,4,6,4,4,-10,-10,-12,-17,-16,-10,-9,-9,-8,-7,-11,-15,10,10,10,10,10,25,25,25,25,25,25,25,150,150,150,150,150,150,150,150,150,150,150,150,8,0,1,2,-2,10,150,0,230,230,120,120,2,0,4,0,2,0,4,0,-10,-20,25,150,-1,300
BPD,3,1,5,6,5,1,1,2,3,2,4,5,4,4,-10,-10,-12,-17,-16,-10,-9,-9,-8,-7,-11,-15,10,10,10,10,10,25,25,25,25,25,25,25,150,150,150,150,150,150,150,150,150,150,150,150,8,0,1,2,-2,10,150,0,230,230,120,120,2,0,4,0,2,0,4,0,-10,-20,25,150,-1,300
BPE,4,1,5,6,6,1,1,2,3,2,3,4,3,3,-10,-12,-15,-22,-21,-12,-9,-9,-8,-7,-11,-15,10,10,10,10,10,25,25,25,25,25,25,25,150,150,150,150,150,150,150,150,150,150,150,150,8,0,1,2,-3,10,150,0,230,230,120,120,2,0,4,0,2,0,4,0,-10,-20,25,150,-1,300

BVA,0,1,3,4,4,2,4,5,7,1,4,5,3,2,-10,-10,-12,-17,-16,-10,-9,-9,-8,-7,-11,-15,10,10,10,10,10,25,25,25,25,25,25,25,150,150,150,150,150,150,150,150,150,150,150,150,9,0,1,3,-2,10,150,0,230,230,120,120,2,0,4,0,2,0,4,0,-10,-20,25,150,-1,300
BVB,1,1,3,4,4,2,4,5,7,1,4,5,3,2,-10,-10,-12,-17,-16,-10,-9,-9,-8,-7,-11,-15,10,10,10,10,10,25,25,25,25,25,25,25,150,150,150,150,150,150,150,150,150,150,150,150,9,0,1,3,-2,10,150,0,230,230,120,120,2,0,4,0,2,0,4,0,-10,-20,25,150,-1,300
BVC,2,1,3,4,5,2,4,5,7,1,3,4,2,1,-10,-10,-12,-17,-16,-10,-9,-9,-8,-7,-11,-15,10,10,10,10,10,25,25,25,25,25,25,25,150,150,150,150,150,150,150,150,150,150,150,150,9,0,1,3,-2,10,150,0,230,230,120,120,2,0,4,0,2,0,4,0,-10,-20,25,150,-1,300
BVD,3,1,2,4,5,3,5,6,7,2,3,3,2,1,-10,-10,-12,-17,-16,-10,-9,-9,-8,-7,-11,-15,10,10,10,10,10,25,25,25,25,25,25,25,150,150,150,150,150,150,150,150,150,150,150,150,9,0,1,3,-2,10,150,0,230,230,120,120,2,0,4,0,2,0,4,0,-10,-20,25,150,-1,300
BVE,4,1,2,4,6,3,5,6,7,2,2,2,1,0,-10,-10,-12,-17,-16,-10,-9,-9,-8,-7,-11,-15,10,10,10,10,10,25,25,25,25,25,25,25,150,150,150,150,150,150,150,150,150,150,150,150,9,0,1,3,-2,10,150,0,230,230,120,120,2,0,4,0,2,0,4,0,-10,-20,25,150,-1,300

BAA,1,1,220,250,6,1,704,200,-7,1,3700,500,-12,1,6000,3000,5,1,1600,400,2,1,10200,2000,-5,1,3100,400,-3,1,1100,600,-3,1,11000,2000,-5,1,4400,1400,0
BAB,1,1,220,250,6,1,704,200,-7,1,3700,500,-12,1,6000,3000,5,1,1600,400,2,1,10200,2000,-5,1,3100,400,-3,1,1100,600,-3,1,11000,2000,-5,1,4400,1400,0
BAC,1,1,220,250,5,1,704,200,-7,1,3700,500,-12,1,6000,3000,4,1,1600,400,2,1,10200,2000,-5,1,3100,400,-4,1,1100,600,-3,1,11000,2000,-5,1,4400,1400,-1
BAD,1,1,220,250,5,1,704,200,-7,1,3700,500,-13,1,6000,3000,3,1,1600,400,2,1,10200,2000,-5,1,3100,400,-5,1,1100,600,-3,1,11000,2000,-6,1,4400,1400,-2
BAE,1,1,220,250,4,1,704,200,-7,1,3700,500,-13,1,6000,3000,2,1,1600,400,2,1,10200,2000,-5,1,3100,400,-6,1,1100,600,-3,1,11000,2000,-6,1,4400,1400,-4

BBA,1,1,220,250,6,1,704,200,-7,1,3700,500,-12,1,6000,3000,5,1,1600,400,2,1,10200,2000,-5,1,3100,400,-3,1,1100,600,-3,1,11000,2000,-5,1,4400,1400,0
BBB,1,1,220,250,6,1,704,200,-7,1,3700,500,-12,1,6000,3000,5,1,1600,400,2,1,10200,2000,-5,1,3100,400,-3,1,1100,600,-3,1,11000,2000,-5,1,4400,1400,0
BBC,1,1,220,250,5,1,704,200,-7,1,3700,500,-12,1,6000,3000,4,1,1600,400,2,1,10200,2000,-5,1,3100,400,-4,1,1100,600,-3,1,11000,2000,-5,1,4400,1400,-1
BBD,1,1,220,250,5,1,704,200,-7,1,3700,500,-13,1,6000,3000,3,1,1600,400,2,1,10200,2000,-5,1,3100,400,-5,1,1100,600,-3,1,11000,2000,-6,1,4400,1400,-2
BBE,1,1,220,250,4,1,704,200,-7,1,3700,500,-13,1,6000,3000,2,1,1600,400,2,1,10200,2000,-5,1,3100,400,-6,1,1100,600,-3,1,11000,2000,-6,1,4400,1400,-4

BCA,1,1,220,250,6,1,704,200,-7,1,3700,500,-12,1,6000,3000,5,1,1600,400,2,1,10200,2000,-5,1,3100,400,-3,1,1100,600,-3,1,11000,2000,-5,1,4400,1400,0
BCB,1,1,220,250,6,1,704,200,-7,1,3700,500,-12,1,6000,3000,5,1,1600,400,2,1,10200,2000,-5,1,3100,400,-3,1,1100,600,-3,1,11000,2000,-5,1,4400,1400,0
BCC,1,1,220,250,5,1,704,200,-7,1,3700,500,-12,1,6000,3000,4,1,1600,400,2,1,10200,2000,-5,1,3100,400,-4,1,1100,600,-3,1,11000,2000,-5,1,4400,1400,-1
BCD,1,1,220,250,5,1,704,200,-7,1,3700,500,-13,1,6000,3000,3,1,1600,400,2,1,10200,2000,-5,1,3100,400,-5,1,1100,600,-3,1,11000,2000,-6,1,4400,1400,-2
BCE,1,1,220,250,4,1,704,200,-7,1,3700,500,-13,1,6000,3000,2,1,1600,400,2,1,10200,2000,-5,1,3100,400,-6,1,1100,600,-3,1,11000,2000,-6,1,4400,1400,-4

CF,1,0,0,0,0,0,0,0,0,0,0,0,0,0,0,0,0,0,0,0,0,0,0,0,0,0,0,0,0,0,0,0,0,0,0,0,1,0,0,0,0,0
CFH,1,50,0
CFA,0,0,800,1,0,0,800,1,0,0,800,1,0,0,800,1,0,0,800,1,0,0,800,1,0,0,800,1,0,0,800,1,0,0,800,1,0,0,800,1,0
CL,1,0,0,0,0,0,0,0,0,0,0,0,0,0,0,0,0,0,0,0,0,0,0,0,0,0,0,0,0,0,0,0,0,0,0,0,0,0,0,0,0,0,0,0,0,0,0,0,0,0,0,1,0,0,0,0,0,0,0,0,0,0,0,0,0,0,0,0,0,0,0,0,0,0,0,100
CLH,1,50,0
CLA,0,0,800,1,0,0,800,1,0,0,800,1,0,0,800,1,0,0,800,1,0,0,800,1,0,0,800,1,0,0,800,1,0,0,800,1,0,0,800,1,0
CHA,1,50,0
CHB,1,50,0
CHC,1,50,0
CHD,1,50,0
CHE,1,50,0

CMA,0,1,0,0,0,0,0,0,0,0,0,0,0,0,0,0,0,0,0,0,0,0,0,0,0,0,0,0,0,0,0,0,0,0,0,0,0,0,0,0,0,0,0,0,0,0,0,0,0,0,0,0,1,0,0,0,0,0,0,0,0,0,0,0,0,0,0,0,0,0,0,0,0,0,0,100
CMB,1,1,0,0,0,0,0,0,0,0,0,0,0,0,0,0,0,0,0,0,0,0,0,0,0,0,0,0,0,0,0,0,0,0,0,0,0,0,0,0,0,0,0,0,0,0,0,0,0,0,0,0,1,0,0,0,0,0,0,0,0,0,0,0,0,0,0,0,0,0,0,0,0,0,0,100
CMC,2,1,0,0,0,0,0,0,0,0,0,0,0,0,0,0,0,0,0,0,0,0,0,0,0,0,0,0,0,0,0,0,0,0,0,0,0,0,0,0,0,0,0,0,0,0,0,0,0,0,0,0,1,0,0,0,0,0,0,0,0,0,0,0,0,0,0,0,0,0,0,0,0,0,0,100
CMD,3,1,0,0,0,0,0,0,0,0,0,0,0,0,0,0,0,0,0,0,0,0,0,0,0,0,0,0,0,0,0,0,0,0,0,0,0,0,0,0,0,0,0,0,0,0,0,0,0,0,0,0,1,0,0,0,0,0,0,0,0,0,0,0,0,0,0,0,0,0,0,0,0,0,0,100
CME,4,1,0,0,0,0,0,0,0,0,0,0,0,0,0,0,0,0,0,0,0,0,0,0,0,0,0,0,0,0,0,0,0,0,0,0,0,0,0,0,0,0,0,0,0,0,0,0,0,0,0,0,1,0,0,0,0,0,0,0,0,0,0,0,0,0,0,0,0,0,0,0,0,0,0,100

CPA,0,1,0,0,0,0,0,0,0,0,0,0,0,0,0,0,0,0,0,0,0,0,0,0,0,0,0,0,0,0,0,0,0,0,0,0,0,0,0,0,0,0,0,0,0,0,0,0,0,0,0,0,1,0,0,0,0,0,0,0,0,0,0,0,0,0,0,0,0,0,0,0,0,0,0,100
CPB,1,1,0,0,0,0,0,0,0,0,0,0,0,0,0,0,0,0,0,0,0,0,0,0,0,0,0,0,0,0,0,0,0,0,0,0,0,0,0,0,0,0,0,0,0,0,0,0,0,0,0,0,1,0,0,0,0,0,0,0,0,0,0,0,0,0,0,0,0,0,0,0,0,0,0,100
CPC,2,1,0,0,0,0,0,0,0,0,0,0,0,0,0,0,0,0,0,0,0,0,0,0,0,0,0,0,0,0,0,0,0,0,0,0,0,0,0,0,0,0,0,0,0,0,0,0,0,0,0,0,1,0,0,0,0,0,0,0,0,0,0,0,0,0,0,0,0,0,0,0,0,0,0,100
CPD,3,1,0,0,0,0,0,0,0,0,0,0,0,0,0,0,0,0,0,0,0,0,0,0,0,0,0,0,0,0,0,0,0,0,0,0,0,0,0,0,0,0,0,0,0,0,0,0,0,0,0,0,1,0,0,0,0,0,0,0,0,0,0,0,0,0,0,0,0,0,0,0,0,0,0,100
CPE,4,1,0,0,0,0,0,0,0,0,0,0,0,0,0,0,0,0,0,0,0,0,0,0,0,0,0,0,0,0,0,0,0,0,0,0,0,0,0,0,0,0,0,0,0,0,0,0,0,0,0,0,1,0,0,0,0,0,0,0,0,0,0,0,0,0,0,0,0,0,0,0,0,0,0,100

CVA,0,1,0,0,0,0,0,0,0,0,0,0,0,0,0,0,0,0,0,0,0,0,0,0,0,0,0,0,0,0,0,0,0,0,0,0,0,0,0,0,0,0,0,0,0,0,0,0,0,0,0,0,1,0,0,0,0,0,0,0,0,0,0,0,0,0,0,0,0,0,0,0,0,0,0,100
CVB,1,1,0,0,0,0,0,0,0,0,0,0,0,0,0,0,0,0,0,0,0,0,0,0,0,0,0,0,0,0,0,0,0,0,0,0,0,0,0,0,0,0,0,0,0,0,0,0,0,0,0,0,1,0,0,0,0,0,0,0,0,0,0,0,0,0,0,0,0,0,0,0,0,0,0,100
CVC,2,1,0,0,0,0,0,0,0,0,0,0,0,0,0,0,0,0,0,0,0,0,0,0,0,0,0,0,0,0,0,0,0,0,0,0,0,0,0,0,0,0,0,0,0,0,0,0,0,0,0,0,1,0,0,0,0,0,0,0,0,0,0,0,0,0,0,0,0,0,0,0,0,0,0,100
CVD,3,1,0,0,0,0,0,0,0,0,0,0,0,0,0,0,0,0,0,0,0,0,0,0,0,0,0,0,0,0,0,0,0,0,0,0,0,0,0,0,0,0,0,0,0,0,0,0,0,0,0,0,1,0,0,0,0,0,0,0,0,0,0,0,0,0,0,0,0,0,0,0,0,0,0,100
CVE,4,1,0,0,0,0,0,0,0,0,0,0,0,0,0,0,0,0,0,0,0,0,0,0,0,0,0,0,0,0,0,0,0,0,0,0,0,0,0,0,0,0,0,0,0,0,0,0,0,0,0,0,1,0,0,0,0,0,0,0,0,0,0,0,0,0,0,0,0,0,0,0,0,0,0,100

CAA,0,0,800,200,0,0,800,200,0,0,800,200,0,0,800,200,0,0,800,200,0,0,800,200,0,0,800,200,0,0,800,200,0,0,800,200,0,0,800,200,0
CAB,0,0,800,200,0,0,800,200,0,0,800,200,0,0,800,200,0,0,800,200,0,0,800,200,0,0,800,200,0,0,800,200,0,0,800,200,0,0,800,200,0
CAC,0,0,800,200,0,0,800,200,0,0,800,200,0,0,800,200,0,0,800,200,0,0,800,200,0,0,800,200,0,0,800,200,0,0,800,200,0,0,800,200,0
CAD,0,0,800,200,0,0,800,200,0,0,800,200,0,0,800,200,0,0,800,200,0,0,800,200,0,0,800,200,0,0,800,200,0,0,800,200,0,0,800,200,0
CAE,0,0,800,200,0,0,800,200,0,0,800,200,0,0,800,200,0,0,800,200,0,0,800,200,0,0,800,200,0,0,800,200,0,0,800,200,0,0,800,200,0

CBA,0,0,800,200,0,0,800,200,0,0,800,200,0,0,800,200,0,0,800,200,0,0,800,200,0,0,800,200,0,0,800,200,0,0,800,200,0,0,800,200,0
CBB,0,0,800,200,0,0,800,200,0,0,800,200,0,0,800,200,0,0,800,200,0,0,800,200,0,0,800,200,0,0,800,200,0,0,800,200,0,0,800,200,0
CBC,0,0,800,200,0,0,800,200,0,0,800,200,0,0,800,200,0,0,800,200,0,0,800,200,0,0,800,200,0,0,800,200,0,0,800,200,0,0,800,200,0
CBD,0,0,800,200,0,0,800,200,0,0,800,200,0,0,800,200,0,0,800,200,0,0,800,200,0,0,800,200,0,0,800,200,0,0,800,200,0,0,800,200,0
CBE,0,0,800,200,0,0,800,200,0,0,800,200,0,0,800,200,0,0,800,200,0,0,800,200,0,0,800,200,0,0,800,200,0,0,800,200,0,0,800,200,0

CCA,0,0,800,200,0,0,800,200,0,0,800,200,0,0,800,200,0,0,800,200,0,0,800,200,0,0,800,200,0,0,800,200,0,0,800,200,0,0,800,200,0
CCB,0,0,800,200,0,0,800,200,0,0,800,200,0,0,800,200,0,0,800,200,0,0,800,200,0,0,800,200,0,0,800,200,0,0,800,200,0,0,800,200,0
CCC,0,0,800,200,0,0,800,200,0,0,800,200,0,0,800,200,0,0,800,200,0,0,800,200,0,0,800,200,0,0,800,200,0,0,800,200,0,0,800,200,0
CCD,0,0,800,200,0,0,800,200,0,0,800,200,0,0,800,200,0,0,800,200,0,0,800,200,0,0,800,200,0,0,800,200,0,0,800,200,0,0,800,200,0
CCE,0,0,800,200,0,0,800,200,0,0,800,200,0,0,800,200,0,0,800,200,0,0,800,200,0,0,800,200,0,0,800,200,0,0,800,200,0,0,800,200,0

DF,1,0,0,0,0,0,0,0,0,0,0,0,0,0,0,0,0,0,0,0,0,0,0,0,0,0,0,0,0,0,0,0,0,0,0,0,1,0,0,0,0,0
DFH,1,50,0
DFA,0,0,800,1,0,0,800,1,0,0,800,1,0,0,800,1,0,0,800,1,0,0,800,1,0,0,800,1,0,0,800,1,0,0,800,1,0,0,800,1,0
DL,1,0,0,0,0,0,0,0,0,0,0,0,0,0,0,0,0,0,0,0,0,0,0,0,0,0,0,0,0,0,0,0,0,0,0,0,0,0,0,0,0,0,0,0,0,0,0,0,0,0,0,1,0,0,0,0,0,0,0,0,0,0,0,0,0,0,0,0,0,0,0,0,0,0,0,100
DLH,1,50,0
DLA,0,0,800,1,0,0,800,1,0,0,800,1,0,0,800,1,0,0,800,1,0,0,800,1,0,0,800,1,0,0,800,1,0,0,800,1,0,0,800,1,0
DHA,1,50,0
DHB,1,50,0
DHC,1,50,0
DHD,1,50,0
DHE,1,50,0

DMA,0,1,0,0,0,0,0,0,0,0,0,0,0,0,0,0,0,0,0,0,0,0,0,0,0,0,0,0,0,0,0,0,0,0,0,0,0,0,0,0,0,0,0,0,0,0,0,0,0,0,0,0,1,0,0,0,0,0,0,0,0,0,0,0,0,0,0,0,0,0,0,0,0,0,0,100
DMB,1,1,0,0,0,0,0,0,0,0,0,0,0,0,0,0,0,0,0,0,0,0,0,0,0,0,0,0,0,0,0,0,0,0,0,0,0,0,0,0,0,0,0,0,0,0,0,0,0,0,0,0,1,0,0,0,0,0,0,0,0,0,0,0,0,0,0,0,0,0,0,0,0,0,0,100
DMC,2,1,0,0,0,0,0,0,0,0,0,0,0,0,0,0,0,0,0,0,0,0,0,0,0,0,0,0,0,0,0,0,0,0,0,0,0,0,0,0,0,0,0,0,0,0,0,0,0,0,0,0,1,0,0,0,0,0,0,0,0,0,0,0,0,0,0,0,0,0,0,0,0,0,0,100
DMD,3,1,0,0,0,0,0,0,0,0,0,0,0,0,0,0,0,0,0,0,0,0,0,0,0,0,0,0,0,0,0,0,0,0,0,0,0,0,0,0,0,0,0,0,0,0,0,0,0,0,0,0,1,0,0,0,0,0,0,0,0,0,0,0,0,0,0,0,0,0,0,0,0,0,0,100
DME,4,1,0,0,0,0,0,0,0,0,0,0,0,0,0,0,0,0,0,0,0,0,0,0,0,0,0,0,0,0,0,0,0,0,0,0,0,0,0,0,0,0,0,0,0,0,0,0,0,0,0,0,1,0,0,0,0,0,0,0,0,0,0,0,0,0,0,0,0,0,0,0,0,0,0,100

DPA,0,1,0,0,0,0,0,0,0,0,0,0,0,0,0,0,0,0,0,0,0,0,0,0,0,0,0,0,0,0,0,0,0,0,0,0,0,0,0,0,0,0,0,0,0,0,0,0,0,0,0,0,1,0,0,0,0,0,0,0,0,0,0,0,0,0,0,0,0,0,0,0,0,0,0,100
DPB,1,1,0,0,0,0,0,0,0,0,0,0,0,0,0,0,0,0,0,0,0,0,0,0,0,0,0,0,0,0,0,0,0,0,0,0,0,0,0,0,0,0,0,0,0,0,0,0,0,0,0,0,1,0,0,0,0,0,0,0,0,0,0,0,0,0,0,0,0,0,0,0,0,0,0,100
DPC,2,1,0,0,0,0,0,0,0,0,0,0,0,0,0,0,0,0,0,0,0,0,0,0,0,0,0,0,0,0,0,0,0,0,0,0,0,0,0,0,0,0,0,0,0,0,0,0,0,0,0,0,1,0,0,0,0,0,0,0,0,0,0,0,0,0,0,0,0,0,0,0,0,0,0,100
DPD,3,1,0,0,0,0,0,0,0,0,0,0,0,0,0,0,0,0,0,0,0,0,0,0,0,0,0,0,0,0,0,0,0,0,0,0,0,0,0,0,0,0,0,0,0,0,0,0,0,0,0,0,1,0,0,0,0,0,0,0,0,0,0,0,0,0,0,0,0,0,0,0,0,0,0,100
DPE,4,1,0,0,0,0,0,0,0,0,0,0,0,0,0,0,0,0,0,0,0,0,0,0,0,0,0,0,0,0,0,0,0,0,0,0,0,0,0,0,0,0,0,0,0,0,0,0,0,0,0,0,1,0,0,0,0,0,0,0,0,0,0,0,0,0,0,0,0,0,0,0,0,0,0,100

DVA,0,1,0,0,0,0,0,0,0,0,0,0,0,0,0,0,0,0,0,0,0,0,0,0,0,0,0,0,0,0,0,0,0,0,0,0,0,0,0,0,0,0,0,0,0,0,0,0,0,0,0,0,1,0,0,0,0,0,0,0,0,0,0,0,0,0,0,0,0,0,0,0,0,0,0,100
DVB,1,1,0,0,0,0,0,0,0,0,0,0,0,0,0,0,0,0,0,0,0,0,0,0,0,0,0,0,0,0,0,0,0,0,0,0,0,0,0,0,0,0,0,0,0,0,0,0,0,0,0,0,1,0,0,0,0,0,0,0,0,0,0,0,0,0,0,0,0,0,0,0,0,0,0,100
DVC,2,1,0,0,0,0,0,0,0,0,0,0,0,0,0,0,0,0,0,0,0,0,0,0,0,0,0,0,0,0,0,0,0,0,0,0,0,0,0,0,0,0,0,0,0,0,0,0,0,0,0,0,1,0,0,0,0,0,0,0,0,0,0,0,0,0,0,0,0,0,0,0,0,0,0,100
DVD,3,1,0,0,0,0,0,0,0,0,0,0,0,0,0,0,0,0,0,0,0,0,0,0,0,0,0,0,0,0,0,0,0,0,0,0,0,0,0,0,0,0,0,0,0,0,0,0,0,0,0,0,1,0,0,0,0,0,0,0,0,0,0,0,0,0,0,0,0,0,0,0,0,0,0,100
DVE,4,1,0,0,0,0,0,0,0,0,0,0,0,0,0,0,0,0,0,0,0,0,0,0,0,0,0,0,0,0,0,0,0,0,0,0,0,0,0,0,0,0,0,0,0,0,0,0,0,0,0,0,1,0,0,0,0,0,0,0,0,0,0,0,0,0,0,0,0,0,0,0,0,0,0,100

DAA,0,0,800,200,0,0,800,200,0,0,800,200,0,0,800,200,0,0,800,200,0,0,800,200,0,0,800,200,0,0,800,200,0,0,800,200,0,0,800,200,0
DAB,0,0,800,200,0,0,800,200,0,0,800,200,0,0,800,200,0,0,800,200,0,0,800,200,0,0,800,200,0,0,800,200,0,0,800,200,0,0,800,200,0
DAC,0,0,800,200,0,0,800,200,0,0,800,200,0,0,800,200,0,0,800,200,0,0,800,200,0,0,800,200,0,0,800,200,0,0,800,200,0,0,800,200,0
DAD,0,0,800,200,0,0,800,200,0,0,800,200,0,0,800,200,0,0,800,200,0,0,800,200,0,0,800,200,0,0,800,200,0,0,800,200,0,0,800,200,0
DAE,0,0,800,200,0,0,800,200,0,0,800,200,0,0,800,200,0,0,800,200,0,0,800,200,0,0,800,200,0,0,800,200,0,0,800,200,0,0,800,200,0

DBA,0,0,800,200,0,0,800,200,0,0,800,200,0,0,800,200,0,0,800,200,0,0,800,200,0,0,800,200,0,0,800,200,0,0,800,200,0,0,800,200,0
DBB,0,0,800,200,0,0,800,200,0,0,800,200,0,0,800,200,0,0,800,200,0,0,800,200,0,0,800,200,0,0,800,200,0,0,800,200,0,0,800,200,0
DBC,0,0,800,200,0,0,800,200,0,0,800,200,0,0,800,200,0,0,800,200,0,0,800,200,0,0,800,200,0,0,800,200,0,0,800,200,0,0,800,200,0
DBD,0,0,800,200,0,0,800,200,0,0,800,200,0,0,800,200,0,0,800,200,0,0,800,200,0,0,800,200,0,0,800,200,0,0,800,200,0,0,800,200,0
DBE,0,0,800,200,0,0,800,200,0,0,800,200,0,0,800,200,0,0,800,200,0,0,800,200,0,0,800,200,0,0,800,200,0,0,800,200,0,0,800,200,0

DCA,0,0,800,200,0,0,800,200,0,0,800,200,0,0,800,200,0,0,800,200,0,0,800,200,0,0,800,200,0,0,800,200,0,0,800,200,0,0,800,200,0
DCB,0,0,800,200,0,0,800,200,0,0,800,200,0,0,800,200,0,0,800,200,0,0,800,200,0,0,800,200,0,0,800,200,0,0,800,200,0,0,800,200,0
DCC,0,0,800,200,0,0,800,200,0,0,800,200,0,0,800,200,0,0,800,200,0,0,800,200,0,0,800,200,0,0,800,200,0,0,800,200,0,0,800,200,0
DCD,0,0,800,200,0,0,800,200,0,0,800,200,0,0,800,200,0,0,800,200,0,0,800,200,0,0,800,200,0,0,800,200,0,0,800,200,0,0,800,200,0
DCE,0,0,800,200,0,0,800,200,0,0,800,200,0,0,800,200,0,0,800,200,0,0,800,200,0,0,800,200,0,0,800,200,0,0,800,200,0,0,800,200,0

